1  1.01099e-14  1.04963e-14            0      10.1731           26
2      40.1891      42.1342      2.99258      10.3444           17
3   1.1334e-14  1.93639e-14  2.80053e-14      9.76795           20
4      2.9849      5.2758      1.2836      5.8117           1
5   0.0023091   0.0024422    0.015449      8.0492           9
6      10.6417      36.8111      17.9751       5.7694           24
7      13.5025      13.7197      8.27884      11.1853           29
8      18.5307       20.345     0.533614      12.5699            6
9       147.187      153.5905  2.018397e-14      10.84877            22
10      100.2598      100.3342    0.03951731      9.866131            12
11      242.1635      261.8718      25.60601      11.28805            16
12      240.3935      242.6044      4.090121      12.82977            12
